1000
560
576
511
11
185
69
643
700
776
173
346
952
253
828
554
691
317
163
822
528
349
389
33
86
223
533
674
518
478
736
658
801
436
973
544
987
236
703
821
779
960
147
240
371
718
995
415
675
730
64
834
672
234
210
539
446
406
983
652
777
698
832
582
771
118
667
837
38
735
164
124
653
869
836
225
775
906
500
669
45
794
106
220
967
216
937
638
153
344
384
297
744
516
47
83
855
465
681
853
553
71
583
933
212
179
392
727
613
526
734
318
486
508
419
830
696
603
524
633
362
145
105
226
796
73
401
969
334
388
935
630
871
678
527
183
578
410
595
48
758
262
545
399
551
273
383
825
612
333
597
149
641
546
271
492
370
23
522
857
347
323
135
732
976
319
376
861
284
20
111
774
941
130
341
475
998
368
192
997
243
725
315
432
498
308
219
278
138
387
354
41
785
186
494
881
896
600
136
98
745
485
510
838
624
363
268
123
992
550
139
293
632
690
879
129
181
254
640
742
676
342
440
142
14
424
915
885
893
626
912
50
155
63
872
811
420
74
568
541
307
596
330
611
586
356
965
887
813
109
483
543
737
827
773
618
431
471
499
609
581
791
981
172
867
619
994
918
165
610
470
443
19
391
302
166
805
400
418
206
230
497
119
117
891
156
300
810
849
413
247
196
940
10
846
157
925
694
835
177
792
708
417
287
58
523
390
397
950
481
789
982
237
357
175
199
125
385
462
7
614
295
848
120
360
31
92
81
701
154
693
747
842
790
763
650
110
2
448
396
670
847
113
447
311
276
132
429
953
430
184
902
16
487
289
657
829
878
30
575
802
962
719
467
56
710
255
751
662
409
685
104
948
213
143
740
892
532
351
699
859
40
704
279
464
480
604
565
804
721
477
241
266
245
8
664
126
535
989
264
931
580
601
88
806
49
425
22
548
489
767
260
617
198
80
336
862
174
201
985
103
770
916
221
573
761
479
938
445
616
755
146
752
501
584
509
946
488
15
706
921
809
659
310
468
160
886
910
988
729
874
766
642
263
182
374
82
854
709
975
398
506
55
922
564
722
999
818
469
121
373
491
856
812
788
558
907
244
513
591
51
272
229
556
923
932
743
648
204
515
877
621
569
645
780
176
949
631
232
252
435
844
178
839
909
716
405
227
537
395
288
296
636
441
411
503
561
275
54
816
646
3
868
460
823
590
955
944
116
684
493
305
717
249
592
712
622
451
803
312
364
473
671
876
359
282
974
697
683
547
303
840
5
781
337
202
562
939
748
274
608
335
450
107
95
673
963
348
733
407
978
926
13
606
66
197
256
741
765
100
381
466
21
542
863
968
25
602
637
577
894
951
570
594
62
0
993
917
476
144
677
228
189
505
158
366
520
957
209
215
760
290
496
904
46
291
552
772
833
190
246
484
762
42
947
148
687
680
361
778
332
689
207
958
639
880
695
378
438
589
990
793
203
530
382
459
301
327
768
233
358
60
911
647
625
521
764
529
345
654
549
35
320
913
599
579
57
408
800
375
759
819
866
188
115
353
97
798
449
372
194
905
211
169
217
127
76
231
281
661
534
490
731
224
769
29
59
715
688
635
738
514
222
128
986
151
908
936
814
682
102
422
525
101
239
875
214
757
412
18
504
942
180
455
873
131
707
52
920
267
824
454
68
85
507
954
979
882
540
24
99
753
924
852
162
970
783
536
714
996
458
858
423
756
634
512
39
720
519
929
67
841
44
831
531
108
355
815
133
34
314
280
615
991
17
79
724
257
26
889
171
352
585
461
283
463
304
32
114
259
321
331
964
78
235
928
797
851
888
453
799
427
28
1
292
629
705
87
150
248
495
84
90
660
428
628
782
442
294
517
65
265
53
566
784
159
200
161
452
726
474
339
739
37
860
403
402
313
956
195
61
943
808
843
270
269
43
122
141
137
367
96
502
572
903
9
75
945
394
563
593
961
322
77
656
437
927
930
972
655
434
959
627
723
895
934
607
170
746
326
914
897
350
588
457
900
749
901
605
433
205
193
309
93
298
795
786
686
386
482
702
966
850
899
890
574
807
665
426
754
623
845
329
980
919
218
70
456
112
977
393
167
4
369
6
668
567
251
663
380
140
559
620
328
571
416
343
27
439
598
421
817
134
168
338
299
365
324
865
984
325
644
316
91
238
191
208
444
285
971
286
404
379
587
883
340
187
538
377
555
651
89
94
250
649
884
666
557
12
242
679
750
472
261
277
728
414
258
898
72
787
711
152
306
870
713
864
820
826
36
692
